# Keskin parameters for amino acid interactions
# Reference: Keskin, O., Bahar, I., Jernigan, R.L., Badretdinov, A.Y. and Ptitsyn, O.B. (1998), Protein Science, 7: 2578-2586
#	          Hamacher K, McCammon J A. (2006) J Chem. Theory Comput.  2, 3, 873–878
# Shape: 20x20
# Note:  Bonded interactions are described with a larger value of the spring constant (eANMs: gamma = 82)
# AS-Order: "ALA", "CYS", "ASP", "GLU", "PHE", "GLY", "HIS", "ILE", "LYS", "LEU", "MET", 
#                   "ASN", "PRO", "GLN", "ARG", "SER", "THR", "VAL", "TRP", "TYR"
3.510,3.990,2.740,2.690,4.430,2.240,3.290,4.450,1.910,5.020,4.420,2.060,1.780,3.650,3.260,2.490,2.380,3.860,4.660,3.960
3.990,7.230,3.560,3.020,4.810,3.430,4.790,5.530,2.280,6.130,5.070,1.760,2.970,4.370,4.410,3.410,2.920,4.820,4.700,4.710
2.740,3.560,2.470,2.350,3.520,1.840,2.930,3.460,2.470,4.160,3.690,2.500,1.240,3.150,3.920,2.340,2.410,3.280,3.810,3.630
2.690,3.020,2.350,2.850,4.100,1.580,3.150,3.990,2.830,4.350,3.760,2.430,1.700,3.450,4.050,2.570,2.340,3.200,3.840,3.620
4.430,4.810,3.520,4.100,6.450,3.760,3.820,6.110,2.700,6.650,5.580,3.890,3.460,4.890,4.510,4.010,3.850,5.330,5.720,5.330
2.240,3.430,1.840,1.580,3.760,1.770,2.470,3.500,1.320,3.790,3.020,1.630,1.010,3.020,2.710,1.680,1.810,2.770,3.770,3.340
3.290,4.790,2.930,3.150,3.820,2.470,3.080,4.550,2.140,4.850,4.470,3.050,1.800,4.200,3.240,3.120,2.730,4.140,4.500,3.780
4.450,5.530,3.460,3.990,6.110,3.500,4.550,5.970,2.880,6.670,5.370,3.420,3.090,4.650,4.290,3.470,3.610,5.310,5.790,5.390
1.910,2.280,2.470,2.830,2.700,1.320,2.140,2.880,1.020,3.240,2.360,1.630,0.500,2.560,2.110,1.910,1.640,2.190,3.120,2.640
5.020,6.130,4.160,4.350,6.650,3.790,4.850,6.670,3.240,7.160,6.240,3.940,3.750,5.360,5.010,4.120,4.280,6.030,6.400,5.670
4.420,5.070,3.690,3.760,5.580,3.020,4.470,5.370,2.360,6.240,5.890,3.050,3.110,4.460,4.130,3.330,3.330,5.160,5.490,5.010
2.060,1.760,2.500,2.430,3.890,1.630,3.050,3.420,1.630,3.940,3.050,1.990,1.010,3.000,2.670,2.130,2.050,2.760,3.310,3.140
1.780,2.970,1.240,1.700,3.460,1.010,1.800,3.090,0.500,3.750,3.110,1.010,0.830,2.670,2.430,1.560,1.240,2.430,3.960,2.920
3.650,4.370,3.150,3.450,4.890,3.020,4.200,4.650,2.560,5.360,4.460,3.000,2.670,4.710,4.130,3.060,3.440,4.290,4.870,4.750
3.260,4.410,3.920,4.050,4.510,2.710,3.240,4.290,2.110,5.010,4.130,2.670,2.430,4.130,3.980,2.780,2.430,3.700,4.540,4.320
2.490,3.410,2.340,2.570,4.010,1.680,3.120,3.470,1.910,4.120,3.330,2.130,1.560,3.060,2.780,2.140,2.220,2.950,2.860,3.430
2.380,2.920,2.410,2.340,3.850,1.810,2.730,3.610,1.640,4.280,3.330,2.050,1.240,3.440,2.430,2.220,2.120,2.870,3.480,3.330
3.860,4.820,3.280,3.200,5.330,2.770,4.140,5.310,2.190,6.030,5.160,2.760,2.430,4.290,3.700,2.950,2.870,4.860,4.700,4.540
4.660,4.700,3.810,3.840,5.720,3.770,4.500,5.790,3.120,6.400,5.490,3.310,3.960,4.870,4.540,2.860,3.480,4.700,5.160,5.120
3.960,4.710,3.630,3.620,5.330,3.340,3.780,5.390,2.640,5.670,5.010,3.140,2.920,4.750,4.320,3.430,3.330,4.540,5.120,4.580
